Fri May 19 23:57:19 2017


===============================================
CONFIGURATION 

Accepted Error 
 0.0010000

Max Epocs: 
 5

Architecture: 
    2   10   10    1

Etha: 
 0.050000

Beta: 
 0.50000

===============================================
OUTPUTS

Time (min): 
 19.976

Epochs: 
 1592

Cuadratic Testing Error: 
 0.0022481

Initial Weights: 

{
  [1,1] =

    -0.0289968  -0.0506801   0.1797611   0.3024909  -0.2130696  -0.1293931   0.1584796  -0.1271507  -0.1458280   0.0714796
     0.0285798  -0.2200698   0.0275597   0.2147465  -0.2890928  -0.2843421   0.2457820  -0.1610851   0.2609486  -0.1562159
    -0.0941342  -0.0678841   0.1303657  -0.0032337  -0.0680593  -0.3054853  -0.2663531   0.2210217  -0.0403649   0.2851758

  [1,2] =

   Columns 1 through 9:

     1.5030e-01  -2.0914e-01  -1.4546e-01   2.1141e-01   2.6550e-01   2.0820e-01  -8.1074e-02  -3.7398e-02  -2.1584e-01
     1.0655e-01  -6.3077e-02  -2.2507e-01  -8.6249e-03  -2.7506e-01   5.5010e-02  -7.4180e-02   1.3981e-02  -8.0473e-02
     7.6938e-02   2.4174e-01   2.4950e-01  -2.6047e-01  -8.9968e-02   1.7817e-01   8.3466e-02  -2.1314e-03  -2.0110e-01
    -1.1860e-01  -1.6280e-01  -4.9106e-02  -1.8326e-01  -7.9154e-02  -2.3020e-01   1.3000e-01   1.1731e-02  -9.6344e-02
     1.8541e-01   9.6958e-03   1.4870e-01  -9.0482e-02  -2.1289e-01  -2.3227e-01   2.5779e-02  -2.7366e-01  -2.0369e-01
     6.0700e-02   1.4046e-01  -2.0135e-01  -1.2013e-01  -1.9327e-01  -1.9360e-01  -2.0293e-01   5.9015e-02   3.0106e-01
     2.5513e-01  -1.7724e-02   2.2117e-01   2.0066e-01  -5.1936e-02  -9.6767e-03   4.9953e-02  -5.1890e-03   2.9257e-02
     2.0124e-01  -1.5278e-01  -2.9028e-01   8.7979e-02  -5.2228e-02  -1.6573e-01  -3.1595e-01   1.4886e-01  -7.9579e-02
     6.8313e-02  -4.8558e-02  -1.6875e-01  -2.1519e-02   1.9527e-01  -9.1441e-03  -1.2962e-01   1.7544e-01   2.4378e-01
     7.0808e-02   2.6128e-01  -1.9403e-01   2.7386e-01   2.7021e-01  -1.4072e-01   1.5158e-01  -4.3767e-02   3.1598e-01
     3.6224e-02   2.4066e-01  -2.5735e-02  -2.5787e-02   2.1293e-02   3.1061e-01   2.7181e-01   2.1686e-01   2.4446e-01

   Column 10:

    -1.2185e-04
     2.6561e-01
    -2.8112e-01
     2.4358e-02
     7.4459e-02
     2.5582e-01
    -2.9420e-01
     2.8572e-01
     1.5230e-02
    -1.9162e-01
     7.1267e-02

  [1,3] =

     0.53684
    -0.65937
    -0.77433
     0.23481
    -0.22965
     0.76407
    -0.88469
     0.43303
    -0.57884
     0.36757
    -0.62032

}

Final Weights: 

{
  [1,1] =

     1.1299534  -2.5049729   0.2771986   1.7542373   0.1527308  -1.7968724   5.4377667  -0.0036491  -1.8652795   1.0339847
    -0.7848262   2.1857466   0.1167735   0.9814807  -0.4490906  -0.7499410   1.3863142  -0.3682580   1.5065370  -0.5202736
    -0.3680779  -2.2978501   0.1721907   1.1354022   0.0783594  -1.4649511  -1.6396232   0.3917560   0.8045590   0.3319182

  [1,2] =

    -0.0201109  -0.4947872  -0.0748384   0.2579316   0.6934455  -0.4712506   0.1384216  -0.2941954   0.1036054  -0.6780496
     0.3207750   0.2567829  -0.3085058  -0.0271303  -0.7365697   0.6431295  -0.2961352   0.3582282  -0.3048984   1.0595037
     0.7750802   1.2509772  -0.0653557  -0.2699491  -1.1597047   1.6053092  -0.5652345   1.0351543  -0.7485249   1.3454258
    -0.0861441  -0.0929587  -0.0690810  -0.2081727  -0.2152276   0.0194425   0.0637074   0.0957004  -0.1957819   0.2811905
     0.6204905   0.5632407  -0.0474660  -0.0998381  -0.9816730   0.5397813  -0.3866137   0.2827487  -0.5827344   1.2047159
     0.1390188   0.3022728  -0.2424883  -0.1516892  -0.3859381   0.1958963  -0.3194442   0.2167496   0.1374269   0.6057621
    -1.1212375  -1.6798128   0.7649942   0.0092579   1.8301833  -1.7621515   1.0449905  -1.4521705   0.8184084  -2.2670637
     1.0192359   0.8517463  -0.5963219   0.0843081  -1.5341248   1.2067437  -1.0314298   1.1235194  -0.7463028   2.5193073
     0.1599340   0.1333283  -0.1937919  -0.0555055  -0.0279272   0.4495642  -0.2334869   0.3163260   0.0656225   0.3018220
    -1.1780394  -1.3812190   0.3458118   0.1705527   2.0386971  -1.8648428   1.1273929  -1.4594972   1.0982375  -2.2455696
     0.2851175   0.5842723  -0.0930059  -0.0481081  -0.4945040   0.9677775   0.0544482   0.5055470  -0.0189330   0.7357134

  [1,3] =

     0.58204
    -2.08769
    -2.71673
     0.96986
     0.17781
     3.51036
    -3.39434
     1.97562
    -2.53506
     1.84112
    -4.22944

}
